Version=0.9
1,12,2,0,1=41851
1,12,2,0,1,BC=5151425
1,12,2,0,2=2031336
1,12,2,13,2=6870
1,12,2,0,2,BC=4623603
1,12,2,13,5=4996
1,12,2,0,3=2033835
1,12,2,0,3,BC=4340015
1,12,2,13,1=4996
1,12,2,13,3=5622
1,12,2,13,4=2716570
1,12,2,0,5=20730633
1,12,2,0,4=22291615
1,12,2,0,5,BC=27387448
1,12,2,13,7=9728181
1,12,2,13,8=4372
1,12,2,13,9=20695653
1,12,2,13,10=9370
1,12,2,0,6=4605489
1,12,2,13,11=4997
1,12,2,13,13=4996
1,12,2,13,12=8745
1,12,2,0,4,BC=30337010
1,12,2,13,6=5622
1,12,2,13,14=1640312
1,12,2,26,53=59740
0,12,2,0,1=8475773
0,12,2,0,1,BC=1310499
0,12,2,0,2=4817242
0,12,2,0,2,BC=895736
0,12,2,13,2=20630691
0,12,2,13,5=20470157
0,12,2,0,3=5088337
0,12,2,0,3,BC=2406122
0,12,2,0,5=11621471
0,12,2,0,5,BC=2704076
0,12,2,0,4=15344342
0,12,2,13,1=1384207
0,12,2,13,3=407266
0,12,2,13,4=3248140
0,12,2,0,4,BC=3294988
0,12,2,13,6=517204
0,12,2,13,7=8060385
0,12,2,13,8=8374581
0,12,2,13,9=6412578
0,12,2,13,10=6302643
0,12,2,0,6=3562335
0,12,2,13,11=11345381
0,12,2,13,13=179897
0,12,2,13,12=8964870
0,12,2,13,14=2421114
1,12,2,1,27=4997
1,12,2,1,28=4372
1,12,2,1,25=4372
1,12,2,1,26=1697778
1,12,2,1,32=4997
1,12,2,1,29=4997
1,12,2,1,33=8910524
1,12,2,1,31=10251631
1,12,2,1,30=9459587
1,12,2,1,35=16217592
1,12,2,13,15=6272034
1,12,2,13,17=24033117
1,12,2,13,18=34565215
1,12,2,13,19=24433515
1,12,2,13,20=12565931
1,12,2,13,22=8741871
1,12,2,13,16=86708494
1,12,2,13,23=17509977
1,12,2,13,25=5956592
1,12,2,33,1=4372
1,12,2,13,26=16990275
1,12,2,13,21=34974354
1,12,2,13,24=86483623
1,12,2,11,185=73084
1,12,2,26,1000000=224247
1,12,2,26,59=58716
0,12,2,1,27=1496643
0,12,2,1,28=2185625
0,12,2,1,25=587789
0,12,2,1,26=1123731
0,12,2,1,29=3211911
0,12,2,1,32=3479259
0,12,2,1,31=12181776
0,12,2,1,33=8079125
0,12,2,1,30=7710585
0,12,2,1,35=9334656
0,12,2,13,15=4773515
0,12,2,13,17=12813291
0,12,2,13,18=18610596
0,12,2,13,16=28564898
0,12,2,13,19=13136230
0,12,2,13,20=15330601
0,12,2,13,22=9503309
0,12,2,13,23=7003490
0,12,2,13,21=24044987
0,12,2,13,25=14399257
0,12,2,33,1=636510
0,12,2,13,26=10691380
0,12,2,37,1=7074075
0,12,2,13,24=28459959
0,12,2,37,2=532819
0,12,2,35,1=7648122
0,12,2,37,3=314819
0,12,2,37,5=209255
0,12,2,36,1=1905159
0,12,2,37,6=339181
0,12,2,37,4=9547035
0,12,2,1,13=149288
0,12,2,1,15=148664
0,12,2,1,17=177398
0,12,2,1,20=277341
0,12,2,1,21=63088
0,12,2,1,22=53094
0,12,2,1,23=80578
0,12,2,1,24=81827
0,12,2,1,34=91197
0,12,2,35,2=9473952
0,12,2,1,36=3685389
1,12,2,1,36=4997
1,12,2,0,7=1112488
1,12,2,13,27=734579
0,12,2,0,7=5115822
0,12,2,13,27=1437301
0,12,2,1,37=0
0,28,2,1,37=3772833
0,31,2,1,37=1074382
0,28,2,1,36=1046273
0,31,2,1,36=400396
1,28,2,11,185=8760
1,28,2,1,36=24768
1,31,2,11,185=7480
1,31,2,1,36=21879
1,28,2,1,37=28449
1,31,2,1,37=24780
0,28,2,35,1=2896664
0,31,2,35,1=1601094
1,28,2,26,1000000=79176
1,31,2,26,1000000=77825
0,28,2,33,1=111810
0,28,2,0,1=191766
0,31,2,0,1=3746
0,31,2,33,1=40601
0,28,2,37,6=350424
0,28,2,0,1,BC=309412
0,31,2,0,1,BC=6246
0,31,2,37,6=291084
1,28,2,33,1=191140
1,28,2,26,59=54340
1,28,2,0,1,BC=2515432
1,31,2,33,1=91198
1,31,2,26,59=26233
1,31,2,0,1,BC=1053703
0,12,2,37,8=3957871
0,28,2,37,8=4055267
0,31,2,37,8=210809
0,12,2,35,3=153037
0,12,2,33,2=773930
0,12,2,1,38=1614075
0,12,2,37,9=9433974
1,12,2,26,60=139295
1,12,2,33,2=4372
1,12,2,1,38=4996
1,12,2,1,39=4372
1,12,2,33,3=5622
1,12,2,26,61=1214304
0,12,2,1,39=1226797
0,12,2,37,10=2910208
0,12,2,33,3=9510806
0,12,2,35,4=192390
0,12,2,37,11=14420495
1,12,2,1,40=830149
0,12,2,1,40=2199365
0,12,2,37,12=2398002
1,12,2,1,41=287334
0,12,2,1,41=635885
0,12,2,1,42=317318
1,12,2,1,42=27484
1,12,2,26,62=273159
1,12,2,33,5=10000
1,12,2,26,63=297857
0,12,2,33,5=374786
0,12,2,37,13=119931
1,12,2,33,6=4372
0,12,2,33,6=5466868
1,12,2,33,7=5622
0,12,2,33,7=2444851
0,12,2,37,14=6572487
0,12,2,37,15=1010671
1,12,2,1,43=5621
1,12,2,0,6,BC=23736
1,12,2,13,28=273592
1,12,2,13,32=875748
1,12,2,13,30=542191
1,12,2,13,31=1331113
1,12,2,13,29=21862
1,12,2,11,186=471604
1,12,2,26,66=56218
1,12,2,26,67=151788
0,12,2,1,43=128676
0,12,2,0,6,BC=555306
0,12,2,13,28=2267451
0,12,2,13,32=1459165
0,12,2,13,30=5768572
0,12,2,13,31=5239500
0,12,2,13,29=20497642
0,12,2,35,5=4742286
1,12,2,13,33=126625
1,12,2,26,69=151164
0,12,2,13,33=200623
0,12,2,33,9=276717
0,12,2,1,44=29358
1,12,2,13,34=489719
1,12,2,13,36=958826
1,12,2,13,35=1764615
1,12,2,0,8=1728384
0,12,2,13,36=4013949
0,12,2,13,34=1091874
0,12,2,13,35=5409400
0,12,2,0,8=1528212
1,12,2,1,8=118681
1,12,2,13,37=1350478
1,12,2,0,9=8744
0,12,2,0,9=8139092
0,12,2,13,37=1253032
1,12,2,13,38=502837
1,12,2,13,40=1962626
1,12,2,13,39=1306126
0,12,2,13,38=4468067
0,12,2,13,40=4548646
0,12,2,13,39=3799700
0,12,2,33,10=925094
1,12,2,26,70=16864
1,12,2,33,10=1947635
1,12,2,0,9,BC=13117
0,12,2,0,9,BC=1384206
1,12,2,33,9=51844
1,12,2,13,41=7177142
0,12,2,13,41=3660404
1,12,2,33,11=5621
0,12,2,33,11=1090625
0,12,2,33,12=1051898
1,12,2,33,12=5622
1,12,2,13,44=5026934
1,12,2,13,42=477137
1,12,2,13,43=6201452
0,12,2,13,44=3928326
0,12,2,13,42=2966581
0,12,2,13,43=6826092
0,12,2,13,45=3350788
1,12,2,13,45=2558134
1,12,2,13,46=2191265
1,12,2,13,47=343831
0,12,2,13,46=2623136
0,12,2,13,47=1109172
1,12,2,1,45=4996
1,12,2,13,48=2972673
1,12,2,13,49=530946
0,12,2,1,45=44974
0,12,2,13,48=3372445
0,12,2,13,49=3126959
1,12,2,26,64=236558
1,12,2,1,46=1
0,12,2,1,46=562122
